throughput: 3144324.4942878103
throughput_best: 3144324.4942878103
throughput_avg: 2920311.99
throughput_worst: 2450780.165019198
