1.001011793 11687134612  inst_retired_any 12029566151 100.00
1.001011793 10894072540  cpu_clk_unhalted_thread 12029552044 100.00
1.001011793 7155111276  cpu_clk_unhalted_ref_tsc 12029538505 100.00
2.002705699 10788881184  inst_retired_any 12022532007 100.00
2.002705699 10179474696  cpu_clk_unhalted_thread 12022530052 100.00
2.002705699 6512470856  cpu_clk_unhalted_ref_tsc 12022531321 100.00
3.004676656 10743169768  inst_retired_any 12021511122 100.00
3.004676656 10159211203  cpu_clk_unhalted_thread 12021509782 100.00
3.004676656 6589300548  cpu_clk_unhalted_ref_tsc 12021509469 100.00
4.006583283 10912753502  inst_retired_any 12030676450 100.00
4.006583283 10332219889  cpu_clk_unhalted_thread 12030671715 100.00
4.006583283 6753575764  cpu_clk_unhalted_ref_tsc 12030670002 100.00
5.009765780 7708294092  inst_retired_any 12033434985 100.00
5.009765780 7327431301  cpu_clk_unhalted_thread 12033437090 100.00
5.009765780 4640905800  cpu_clk_unhalted_ref_tsc 12033437145 100.00
6.011901758 5707160589  inst_retired_any 12022332797 100.00
6.011901758 5795260936  cpu_clk_unhalted_thread 12022335083 100.00
6.011901758 3585265876  cpu_clk_unhalted_ref_tsc 12022337590 100.00
7.013619892 5720641851  inst_retired_any 12022594150 100.00
7.013619892 5798321291  cpu_clk_unhalted_thread 12022593454 100.00
7.013619892 3573349760  cpu_clk_unhalted_ref_tsc 12022593938 100.00
8.015482011 2843880215  inst_retired_any 12021468886 100.00
8.015482011 2996837448  cpu_clk_unhalted_thread 12021468894 100.00
8.015482011 1869884316  cpu_clk_unhalted_ref_tsc 12021468821 100.00
